sphere 500 500 30 30 0 255 0
rectangle 0 0 800 30 255 0 0
rectangle 0 0 30 600 255 0 0
rectangle 770 0 30 600 255 0 0
rectangle 0 570 800 30 255 0 0
rectangle 250 150 30 100 200 0 200
rectangle 30 250 250 30 200 0 200
rectangle 100 150 150 30 200 0 200
rectangle 320 30 30 400 30 150 255
rectangle 80 430 270 30 30 150 255
rectangle 410 300 30 270 0 0 255
rectangle 440 300 80 30 0 0 225
rectangle 520 160 30 170 0 0 225
rectangle 410 160 110 30 0 0 225
rectangle 350 230 100 30 30 150 255
sphere 560 60 40 40 30 150 100
sphere 600 230 40 40 30 150 100
sphere 670 200 40 40 30 150 100
sphere 560 350 40 40 30 150 100
sphere 710 500 40 40 30 150 100
sphere 700 325 40 40 30 150 100
sphere 650 450 40 40 30 150 100
sphere 710 40 40 40 30 150 100
